2023 12-07 16:09 66.0 0 0 341.6729166666667
2023 12-07 16:09 64.0 0 0 341.6729166666667
2023 12-07 16:09 63.0 0 0 341.6729166666667
2023 12-07 16:09 62.0 0 0 341.6729166666667
2023 12-07 16:09 61.0 0 0 341.6729166666667
2023 12-07 16:09 61.0 0 0 341.6729166666667
2023 12-07 16:09 61.0 0 0 341.6729166666667
2023 12-07 16:09 61.0 0 0 341.6729166666667
2023 12-07 16:09 61.0 0 0 341.6729166666667
2023 12-07 16:09 61.0 0 0 341.6729166666667
2023 12-07 16:09 61.0 0 0 341.6729166666667
2023 12-07 16:09 61.0 0 0 341.6729166666667
2023 12-07 16:10 61.0 0 0 341.67361111111114
2023 12-07 16:10 61.0 0 0 341.67361111111114
2023 12-07 16:10 61.0 0 0 341.67361111111114
2023 12-07 16:10 61.0 0 0 341.67361111111114
2023 12-07 16:10 60.0 0 0 341.67361111111114
2023 12-07 16:10 60.0 0 0 341.67361111111114
2023 12-07 16:10 60.0 0 0 341.67361111111114
2023 12-07 16:10 60.0 0 0 341.67361111111114
2023 12-07 16:10 60.0 0 0 341.67361111111114
2023 12-07 16:10 60.0 0 0 341.67361111111114
2023 12-07 16:10 60.0 0 0 341.67361111111114
2023 12-07 16:10 60.0 0 0 341.67361111111114
2023 12-07 16:10 60.0 0 0 341.67361111111114
2023 12-07 16:10 60.0 0 0 341.67361111111114
2023 12-07 16:10 60.0 0 0 341.67361111111114
2023 12-07 16:10 60.0 0 0 341.67361111111114
2023 12-07 16:10 60.0 0 0 341.67361111111114
2023 12-07 16:10 60.0 0 0 341.67361111111114
2023 12-07 16:10 60.0 0 0 341.67361111111114
2023 12-07 16:10 60.0 0 0 341.67361111111114
2023 12-07 16:11 60.0 0 0 341.6743055555556
2023 12-07 16:11 60.0 0 0 341.6743055555556
2023 12-07 16:11 60.0 0 0 341.6743055555556
2023 12-07 16:11 60.0 0 0 341.6743055555556
2023 12-07 16:11 60.0 0 0 341.6743055555556
2023 12-07 16:11 60.0 0 0 341.6743055555556
2023 12-07 16:11 60.0 0 0 341.6743055555556
2023 12-07 16:11 60.0 0 0 341.6743055555556
2023 12-07 16:11 60.0 0 0 341.6743055555556
2023 12-07 16:11 60.0 0 0 341.6743055555556
2023 12-07 16:11 60.0 0 0 341.6743055555556
2023 12-07 16:11 60.0 0 0 341.6743055555556
2023 12-07 16:11 60.0 0 0 341.6743055555556
2023 12-07 16:11 60.0 0 0 341.6743055555556
2023 12-07 16:11 60.0 0 0 341.6743055555556
2023 12-07 16:11 60.0 0 0 341.6743055555556
2023 12-07 16:11 60.0 0 0 341.6743055555556
2023 12-07 16:11 60.0 0 0 341.6743055555556
2023 12-07 16:11 60.0 0 0 341.6743055555556
2023 12-07 16:11 60.0 0 0 341.6743055555556
2023 12-07 16:11 60.0 0 0 341.6743055555556
2023 12-07 16:11 60.0 0 0 341.6743055555556
2023 12-07 16:11 60.0 0 0 341.6743055555556
2023 12-07 16:11 60.0 0 0 341.6743055555556
2023 12-07 16:11 60.0 0 0 341.6743055555556
2023 12-07 16:11 60.0 0 0 341.6743055555556
2023 12-07 16:11 60.0 0 0 341.6743055555556
2023 12-07 16:11 60.0 0 0 341.6743055555556
2023 12-07 16:11 60.0 0 0 341.6743055555556
2023 12-07 16:11 60.0 0 0 341.6743055555556
2023 12-07 16:11 60.0 0 0 341.6743055555556
2023 12-07 16:11 60.0 0 0 341.6743055555556
2023 12-07 16:12 60.0 0 0 341.675
2023 12-07 16:12 60.0 0 0 341.675
2023 12-07 16:12 60.0 0 0 341.675
2023 12-07 16:12 60.0 0 0 341.675
2023 12-07 16:12 60.0 0 0 341.675
2023 12-07 16:12 60.0 0 0 341.675
2023 12-07 16:12 60.0 0 0 341.675
2023 12-07 16:12 60.0 0 0 341.675
2023 12-07 16:12 60.0 0 0 341.675
2023 12-07 16:12 60.0 0 0 341.675
2023 12-07 16:12 60.0 0 0 341.675
2023 12-07 16:12 60.0 0 0 341.675
2023 12-07 16:12 60.0 0 0 341.675
2023 12-07 16:12 60.0 0 0 341.675
2023 12-07 16:12 60.0 0 0 341.675
2023 12-07 16:12 60.0 0 0 341.675
2023 12-07 16:12 60.0 0 0 341.675
2023 12-07 16:12 59.0 0 0 341.675
2023 12-07 16:12 0.0 1 1 341.675
2023 12-07 16:12 0.0 1 1 341.675
2023 12-07 16:12 0.0 1 1 341.675
2023 12-07 16:12 0.0 1 1 341.675
2023 12-07 16:12 0.0 1 1 341.675
2023 12-07 16:12 0.0 1 1 341.675
2023 12-07 16:12 0.0 1 1 341.675
2023 12-07 16:12 0.0 1 1 341.675
2023 12-07 16:12 0.0 1 1 341.675
2023 12-07 16:12 0.0 1 1 341.675
2023 12-07 16:12 0.0 1 1 341.675
2023 12-07 16:12 63.0 0 0 341.675
2023 12-07 16:12 64.0 0 0 341.675
2023 12-07 16:13 66.0 0 0 341.67569444444445
2023 12-07 16:13 67.0 0 0 341.67569444444445
2023 12-07 16:13 68.0 0 0 341.67569444444445
2023 12-07 16:13 69.0 0 0 341.67569444444445
2023 12-07 16:13 68.0 0 0 341.67569444444445
2023 12-07 16:13 67.0 0 0 341.67569444444445
2023 12-07 16:13 66.0 0 0 341.67569444444445
2023 12-07 16:13 64.0 0 0 341.67569444444445
2023 12-07 16:13 61.0 0 0 341.67569444444445
2023 12-07 16:13 60.0 0 0 341.67569444444445
2023 12-07 16:13 60.0 0 0 341.67569444444445
2023 12-07 16:13 60.0 0 0 341.67569444444445
2023 12-07 16:13 60.0 0 0 341.67569444444445
2023 12-07 16:13 60.0 0 0 341.67569444444445
2023 12-07 16:13 60.0 0 0 341.67569444444445
2023 12-07 16:13 60.0 0 0 341.67569444444445
2023 12-07 16:13 60.0 0 0 341.67569444444445
2023 12-07 16:13 60.0 0 0 341.67569444444445
2023 12-07 16:13 60.0 0 0 341.67569444444445
2023 12-07 16:13 60.0 0 0 341.67569444444445
2023 12-07 16:13 60.0 0 0 341.67569444444445
2023 12-07 16:13 61.0 0 0 341.67569444444445
2023 12-07 16:13 61.0 0 0 341.67569444444445
2023 12-07 16:13 61.0 0 0 341.67569444444445
2023 12-07 16:13 61.0 0 0 341.67569444444445
2023 12-07 16:13 61.0 0 0 341.67569444444445
2023 12-07 16:13 61.0 0 0 341.67569444444445
2023 12-07 16:13 61.0 0 0 341.67569444444445
2023 12-07 16:13 61.0 0 0 341.67569444444445
2023 12-07 16:13 61.0 0 0 341.67569444444445
2023 12-07 16:13 61.0 0 0 341.67569444444445
2023 12-07 16:14 61.0 0 0 341.6763888888889
2023 12-07 16:14 61.0 0 0 341.6763888888889
2023 12-07 16:14 61.0 0 0 341.6763888888889
2023 12-07 16:14 61.0 0 0 341.6763888888889
2023 12-07 16:14 61.0 0 0 341.6763888888889
2023 12-07 16:14 61.0 0 0 341.6763888888889
2023 12-07 16:14 61.0 0 0 341.6763888888889
2023 12-07 16:14 61.0 0 0 341.6763888888889
2023 12-07 16:14 61.0 0 0 341.6763888888889
2023 12-07 16:14 61.0 0 0 341.6763888888889
2023 12-07 16:14 61.0 0 0 341.6763888888889
2023 12-07 16:14 61.0 0 0 341.6763888888889
2023 12-07 16:14 61.0 0 0 341.6763888888889
2023 12-07 16:14 61.0 0 0 341.6763888888889
2023 12-07 16:14 61.0 0 0 341.6763888888889
2023 12-07 16:14 61.0 0 0 341.6763888888889
2023 12-07 16:14 61.0 0 0 341.6763888888889
2023 12-07 16:14 61.0 0 0 341.6763888888889
2023 12-07 16:14 61.0 0 0 341.6763888888889
2023 12-07 16:14 61.0 0 0 341.6763888888889
2023 12-07 16:14 61.0 0 0 341.6763888888889
2023 12-07 16:14 61.0 0 0 341.6763888888889
2023 12-07 16:14 61.0 0 0 341.6763888888889
2023 12-07 16:14 61.0 0 0 341.6763888888889
2023 12-07 16:14 61.0 0 0 341.6763888888889
2023 12-07 16:14 61.0 0 0 341.6763888888889
2023 12-07 16:14 61.0 0 0 341.6763888888889
2023 12-07 16:14 61.0 0 0 341.6763888888889
2023 12-07 16:14 61.0 0 0 341.6763888888889
2023 12-07 16:14 61.0 0 0 341.6763888888889
2023 12-07 16:14 61.0 0 0 341.6763888888889
2023 12-07 16:15 61.0 0 0 341.67708333333337
2023 12-07 16:15 61.0 0 0 341.67708333333337
2023 12-07 16:15 61.0 0 0 341.67708333333337
2023 12-07 16:15 61.0 0 0 341.67708333333337
2023 12-07 16:15 61.0 0 0 341.67708333333337
2023 12-07 16:15 61.0 0 0 341.67708333333337
2023 12-07 16:15 61.0 0 0 341.67708333333337
2023 12-07 16:15 61.0 0 0 341.67708333333337
2023 12-07 16:15 61.0 0 0 341.67708333333337
2023 12-07 16:15 61.0 0 0 341.67708333333337
2023 12-07 16:15 61.0 0 0 341.67708333333337
2023 12-07 16:15 61.0 0 0 341.67708333333337
2023 12-07 16:15 61.0 0 0 341.67708333333337
2023 12-07 16:15 61.0 0 0 341.67708333333337
2023 12-07 16:15 61.0 0 0 341.67708333333337
2023 12-07 16:15 61.0 0 0 341.67708333333337
2023 12-07 16:15 61.0 0 0 341.67708333333337
2023 12-07 16:15 61.0 0 0 341.67708333333337
2023 12-07 16:15 61.0 0 0 341.67708333333337
2023 12-07 16:15 61.0 0 0 341.67708333333337
2023 12-07 16:15 61.0 0 0 341.67708333333337
