2023 12-07 16:09 30.9415283203125 0 1 341.6729166666667
2023 12-07 16:09 30.68975830078125 0 0 341.6729166666667
2023 12-07 16:09 30.5142822265625 0 0 341.6729166666667
2023 12-07 16:09 30.43798828125 0 0 341.6729166666667
2023 12-07 16:09 30.35406494140625 0 0 341.6729166666667
2023 12-07 16:09 30.285400390625 0 0 341.6729166666667
2023 12-07 16:09 30.2396240234375 0 0 341.6729166666667
2023 12-07 16:09 30.224365234375 0 0 341.6729166666667
2023 12-07 16:09 30.19384765625 0 0 341.6729166666667
2023 12-07 16:09 30.18621826171875 0 0 341.6729166666667
2023 12-07 16:09 30.5447998046875 0 0 341.6729166666667
2023 12-07 16:09 30.4837646484375 0 0 341.6729166666667
2023 12-07 16:10 30.2548828125 0 0 341.67361111111114
2023 12-07 16:10 30.224365234375 0 0 341.67361111111114
2023 12-07 16:10 30.21673583984375 0 0 341.67361111111114
2023 12-07 16:10 30.2091064453125 0 0 341.67361111111114
2023 12-07 16:10 30.21673583984375 0 0 341.67361111111114
2023 12-07 16:10 30.23199462890625 0 0 341.67361111111114
2023 12-07 16:10 30.2396240234375 0 0 341.67361111111114
2023 12-07 16:10 30.2548828125 0 0 341.67361111111114
2023 12-07 16:10 30.3006591796875 0 0 341.67361111111114
2023 12-07 16:10 30.33880615234375 0 0 341.67361111111114
2023 12-07 16:10 30.346435546875 0 0 341.67361111111114
2023 12-07 16:10 30.3311767578125 0 0 341.67361111111114
2023 12-07 16:10 30.3006591796875 0 0 341.67361111111114
2023 12-07 16:10 30.29302978515625 0 0 341.67361111111114
2023 12-07 16:10 30.31591796875 0 0 341.67361111111114
2023 12-07 16:10 30.27777099609375 0 0 341.67361111111114
2023 12-07 16:10 30.2396240234375 0 0 341.67361111111114
2023 12-07 16:10 30.21673583984375 0 0 341.67361111111114
2023 12-07 16:10 30.20147705078125 0 0 341.67361111111114
2023 12-07 16:10 30.20147705078125 0 0 341.67361111111114
2023 12-07 16:11 30.24725341796875 0 0 341.6743055555556
2023 12-07 16:11 30.23199462890625 0 0 341.6743055555556
2023 12-07 16:11 30.224365234375 0 0 341.6743055555556
2023 12-07 16:11 30.23199462890625 0 0 341.6743055555556
2023 12-07 16:11 30.23199462890625 0 0 341.6743055555556
2023 12-07 16:11 30.23199462890625 0 0 341.6743055555556
2023 12-07 16:11 30.23199462890625 0 0 341.6743055555556
2023 12-07 16:11 30.21673583984375 0 0 341.6743055555556
2023 12-07 16:11 30.1785888671875 0 0 341.6743055555556
2023 12-07 16:11 30.19384765625 0 0 341.6743055555556
2023 12-07 16:11 30.20147705078125 0 0 341.6743055555556
2023 12-07 16:11 30.19384765625 0 0 341.6743055555556
2023 12-07 16:11 30.19384765625 0 0 341.6743055555556
2023 12-07 16:11 30.2091064453125 0 0 341.6743055555556
2023 12-07 16:11 30.2548828125 0 0 341.6743055555556
2023 12-07 16:11 30.27777099609375 0 0 341.6743055555556
2023 12-07 16:11 30.4227294921875 0 0 341.6743055555556
2023 12-07 16:11 30.56768798828125 0 0 341.6743055555556
2023 12-07 16:11 30.67449951171875 0 0 341.6743055555556
2023 12-07 16:11 30.58294677734375 0 0 341.6743055555556
2023 12-07 16:11 30.5142822265625 0 0 341.6743055555556
2023 12-07 16:11 30.4990234375 0 0 341.6743055555556
2023 12-07 16:11 30.4837646484375 0 0 341.6743055555556
2023 12-07 16:11 30.4227294921875 0 0 341.6743055555556
2023 12-07 16:11 30.35406494140625 0 0 341.6743055555556
2023 12-07 16:11 30.29302978515625 0 0 341.6743055555556
2023 12-07 16:11 30.3006591796875 0 0 341.6743055555556
2023 12-07 16:11 30.346435546875 0 0 341.6743055555556
2023 12-07 16:11 30.3006591796875 0 0 341.6743055555556
2023 12-07 16:11 30.3311767578125 0 0 341.6743055555556
2023 12-07 16:11 30.30828857421875 0 0 341.6743055555556
2023 12-07 16:11 30.27777099609375 0 0 341.6743055555556
2023 12-07 16:12 30.26251220703125 0 0 341.675
2023 12-07 16:12 30.285400390625 0 0 341.675
2023 12-07 16:12 30.2701416015625 0 0 341.675
2023 12-07 16:12 30.2701416015625 0 0 341.675
2023 12-07 16:12 30.26251220703125 0 0 341.675
2023 12-07 16:12 30.29302978515625 0 0 341.675
2023 12-07 16:12 30.32354736328125 0 0 341.675
2023 12-07 16:12 30.35406494140625 0 0 341.675
2023 12-07 16:12 30.3616943359375 0 0 341.675
2023 12-07 16:12 30.36932373046875 0 0 341.675
2023 12-07 16:12 30.346435546875 0 0 341.675
2023 12-07 16:12 30.31591796875 0 0 341.675
2023 12-07 16:12 30.29302978515625 0 0 341.675
2023 12-07 16:12 30.285400390625 0 0 341.675
2023 12-07 16:12 30.30828857421875 0 0 341.675
2023 12-07 16:12 30.29302978515625 0 0 341.675
2023 12-07 16:12 30.30828857421875 0 0 341.675
2023 12-07 16:12 30.346435546875 0 0 341.675
2023 12-07 16:12 30.4227294921875 0 0 341.675
2023 12-07 16:12 31.01019287109375 0 0 341.675
2023 12-07 16:12 30.92626953125 0 0 341.675
2023 12-07 16:12 30.68975830078125 0 0 341.675
2023 12-07 16:12 30.5142822265625 0 0 341.675
2023 12-07 16:12 30.39984130859375 0 0 341.675
2023 12-07 16:12 30.33880615234375 0 0 341.675
2023 12-07 16:12 30.285400390625 0 0 341.675
2023 12-07 16:12 30.2548828125 0 0 341.675
2023 12-07 16:12 30.23199462890625 0 0 341.675
2023 12-07 16:12 30.224365234375 0 0 341.675
2023 12-07 16:12 30.21673583984375 0 0 341.675
2023 12-07 16:12 30.18621826171875 0 0 341.675
2023 12-07 16:13 30.15570068359375 0 0 341.67569444444445
2023 12-07 16:13 30.1480712890625 0 0 341.67569444444445
2023 12-07 16:13 30.1328125 0 0 341.67569444444445
2023 12-07 16:13 30.07940673828125 0 0 341.67569444444445
2023 12-07 16:13 30.04888916015625 0 0 341.67569444444445
2023 12-07 16:13 30.03363037109375 0 0 341.67569444444445
2023 12-07 16:13 30.0260009765625 0 0 341.67569444444445
2023 12-07 16:13 30.1175537109375 0 0 341.67569444444445
2023 12-07 16:13 30.15570068359375 0 0 341.67569444444445
2023 12-07 16:13 30.07940673828125 0 0 341.67569444444445
2023 12-07 16:13 30.12518310546875 0 0 341.67569444444445
2023 12-07 16:13 30.1175537109375 0 0 341.67569444444445
2023 12-07 16:13 30.0870361328125 0 0 341.67569444444445
2023 12-07 16:13 30.10992431640625 0 0 341.67569444444445
2023 12-07 16:13 30.15570068359375 0 0 341.67569444444445
2023 12-07 16:13 30.1175537109375 0 0 341.67569444444445
2023 12-07 16:13 30.0870361328125 0 0 341.67569444444445
2023 12-07 16:13 30.1175537109375 0 0 341.67569444444445
2023 12-07 16:13 30.12518310546875 0 0 341.67569444444445
2023 12-07 16:13 30.12518310546875 0 0 341.67569444444445
2023 12-07 16:13 30.10992431640625 0 0 341.67569444444445
2023 12-07 16:13 30.07177734375 0 0 341.67569444444445
2023 12-07 16:13 30.07177734375 0 0 341.67569444444445
2023 12-07 16:13 30.0870361328125 0 0 341.67569444444445
2023 12-07 16:13 30.1175537109375 0 0 341.67569444444445
2023 12-07 16:13 30.15570068359375 0 0 341.67569444444445
2023 12-07 16:13 30.21673583984375 0 0 341.67569444444445
2023 12-07 16:13 30.26251220703125 0 0 341.67569444444445
2023 12-07 16:13 30.19384765625 0 0 341.67569444444445
2023 12-07 16:13 30.18621826171875 0 0 341.67569444444445
2023 12-07 16:13 30.07177734375 0 0 341.67569444444445
2023 12-07 16:14 30.09466552734375 0 0 341.6763888888889
2023 12-07 16:14 30.10992431640625 0 0 341.6763888888889
2023 12-07 16:14 30.03363037109375 0 0 341.6763888888889
2023 12-07 16:14 30.041259765625 0 0 341.6763888888889
2023 12-07 16:14 30.06414794921875 0 0 341.6763888888889
2023 12-07 16:14 30.10992431640625 0 0 341.6763888888889
2023 12-07 16:14 30.1480712890625 0 0 341.6763888888889
2023 12-07 16:14 30.12518310546875 0 0 341.6763888888889
2023 12-07 16:14 30.09466552734375 0 0 341.6763888888889
2023 12-07 16:14 30.09466552734375 0 0 341.6763888888889
2023 12-07 16:14 30.1175537109375 0 0 341.6763888888889
2023 12-07 16:14 30.1480712890625 0 0 341.6763888888889
2023 12-07 16:14 30.20147705078125 0 0 341.6763888888889
2023 12-07 16:14 30.2396240234375 0 0 341.6763888888889
2023 12-07 16:14 30.2548828125 0 0 341.6763888888889
2023 12-07 16:14 30.26251220703125 0 0 341.6763888888889
2023 12-07 16:14 30.27777099609375 0 0 341.6763888888889
2023 12-07 16:14 30.30828857421875 0 0 341.6763888888889
2023 12-07 16:14 30.33880615234375 0 0 341.6763888888889
2023 12-07 16:14 30.39984130859375 0 0 341.6763888888889
2023 12-07 16:14 30.49139404296875 0 0 341.6763888888889
2023 12-07 16:14 30.55242919921875 0 0 341.6763888888889
2023 12-07 16:14 30.46087646484375 0 0 341.6763888888889
2023 12-07 16:14 30.4227294921875 0 0 341.6763888888889
2023 12-07 16:14 30.407470703125 0 0 341.6763888888889
2023 12-07 16:14 30.3922119140625 0 0 341.6763888888889
2023 12-07 16:14 30.3922119140625 0 0 341.6763888888889
2023 12-07 16:14 30.35406494140625 0 0 341.6763888888889
2023 12-07 16:14 30.31591796875 0 0 341.6763888888889
2023 12-07 16:14 30.3311767578125 0 0 341.6763888888889
2023 12-07 16:14 30.3311767578125 0 0 341.6763888888889
2023 12-07 16:15 30.346435546875 0 0 341.67708333333337
2023 12-07 16:15 30.3311767578125 0 0 341.67708333333337
2023 12-07 16:15 30.32354736328125 0 0 341.67708333333337
2023 12-07 16:15 30.33880615234375 0 0 341.67708333333337
2023 12-07 16:15 30.33880615234375 0 0 341.67708333333337
2023 12-07 16:15 30.32354736328125 0 0 341.67708333333337
2023 12-07 16:15 30.32354736328125 0 0 341.67708333333337
2023 12-07 16:15 30.32354736328125 0 0 341.67708333333337
2023 12-07 16:15 30.32354736328125 0 0 341.67708333333337
2023 12-07 16:15 30.3311767578125 0 0 341.67708333333337
2023 12-07 16:15 30.32354736328125 0 0 341.67708333333337
2023 12-07 16:15 30.3311767578125 0 0 341.67708333333337
2023 12-07 16:15 30.3311767578125 0 0 341.67708333333337
2023 12-07 16:15 30.3922119140625 0 0 341.67708333333337
2023 12-07 16:15 30.38458251953125 0 0 341.67708333333337
2023 12-07 16:15 30.46087646484375 0 0 341.67708333333337
2023 12-07 16:15 30.56768798828125 0 0 341.67708333333337
2023 12-07 16:15 30.55242919921875 0 0 341.67708333333337
2023 12-07 16:15 30.56768798828125 0 0 341.67708333333337
2023 12-07 16:15 30.6058349609375 0 0 341.67708333333337
2023 12-07 16:15 30.64398193359375 0 0 341.67708333333337
