2023 12-07 16:09 36.0 0 0 341.6729166666667
2023 12-07 16:09 35.0 0 1 341.6729166666667
2023 12-07 16:09 36.0 0 1 341.6729166666667
2023 12-07 16:09 35.0 0 1 341.6729166666667
2023 12-07 16:09 37.0 0 1 341.6729166666667
2023 12-07 16:09 35.0 0 1 341.6729166666667
2023 12-07 16:09 35.0 0 1 341.6729166666667
2023 12-07 16:09 36.0 0 1 341.6729166666667
2023 12-07 16:09 35.0 0 1 341.6729166666667
2023 12-07 16:09 36.0 0 1 341.6729166666667
2023 12-07 16:09 36.0 0 1 341.6729166666667
2023 12-07 16:09 37.0 0 1 341.6729166666667
2023 12-07 16:10 38.0 0 1 341.67361111111114
2023 12-07 16:10 38.0 0 1 341.67361111111114
2023 12-07 16:10 38.0 0 1 341.67361111111114
2023 12-07 16:10 38.0 0 1 341.67361111111114
2023 12-07 16:10 38.0 0 1 341.67361111111114
2023 12-07 16:10 38.0 0 1 341.67361111111114
2023 12-07 16:10 38.0 0 1 341.67361111111114
2023 12-07 16:10 38.0 0 1 341.67361111111114
2023 12-07 16:10 38.0 0 1 341.67361111111114
2023 12-07 16:10 38.0 0 1 341.67361111111114
2023 12-07 16:10 38.0 0 1 341.67361111111114
2023 12-07 16:10 37.0 0 1 341.67361111111114
2023 12-07 16:10 38.0 0 1 341.67361111111114
2023 12-07 16:10 38.0 0 1 341.67361111111114
2023 12-07 16:10 38.0 0 1 341.67361111111114
2023 12-07 16:10 38.0 0 1 341.67361111111114
2023 12-07 16:10 38.0 0 1 341.67361111111114
2023 12-07 16:10 38.0 0 1 341.67361111111114
2023 12-07 16:10 38.0 0 1 341.67361111111114
2023 12-07 16:10 38.0 0 1 341.67361111111114
2023 12-07 16:11 37.0 0 1 341.6743055555556
2023 12-07 16:11 38.0 0 1 341.6743055555556
2023 12-07 16:11 38.0 0 1 341.6743055555556
2023 12-07 16:11 38.0 0 1 341.6743055555556
2023 12-07 16:11 38.0 0 1 341.6743055555556
2023 12-07 16:11 35.0 0 1 341.6743055555556
2023 12-07 16:11 36.0 0 1 341.6743055555556
2023 12-07 16:11 37.0 0 1 341.6743055555556
2023 12-07 16:11 38.0 0 1 341.6743055555556
2023 12-07 16:11 38.0 0 1 341.6743055555556
2023 12-07 16:11 38.0 0 1 341.6743055555556
2023 12-07 16:11 38.0 0 1 341.6743055555556
2023 12-07 16:11 38.0 0 1 341.6743055555556
2023 12-07 16:11 39.0 0 1 341.6743055555556
2023 12-07 16:11 36.0 0 1 341.6743055555556
2023 12-07 16:11 38.0 0 1 341.6743055555556
2023 12-07 16:11 39.0 0 1 341.6743055555556
2023 12-07 16:11 38.0 0 1 341.6743055555556
2023 12-07 16:11 38.0 0 1 341.6743055555556
2023 12-07 16:11 37.0 0 1 341.6743055555556
2023 12-07 16:11 38.0 0 1 341.6743055555556
2023 12-07 16:11 39.0 0 1 341.6743055555556
2023 12-07 16:11 38.0 0 1 341.6743055555556
2023 12-07 16:11 39.0 0 1 341.6743055555556
2023 12-07 16:11 38.0 0 1 341.6743055555556
2023 12-07 16:11 39.0 0 1 341.6743055555556
2023 12-07 16:11 38.0 0 1 341.6743055555556
2023 12-07 16:11 38.0 0 1 341.6743055555556
2023 12-07 16:11 39.0 0 1 341.6743055555556
2023 12-07 16:11 38.0 0 1 341.6743055555556
2023 12-07 16:11 38.0 0 1 341.6743055555556
2023 12-07 16:11 38.0 0 1 341.6743055555556
2023 12-07 16:12 39.0 0 1 341.675
2023 12-07 16:12 38.0 0 1 341.675
2023 12-07 16:12 38.0 0 1 341.675
2023 12-07 16:12 39.0 0 1 341.675
2023 12-07 16:12 38.0 0 1 341.675
2023 12-07 16:12 38.0 0 1 341.675
2023 12-07 16:12 38.0 0 1 341.675
2023 12-07 16:12 38.0 0 1 341.675
2023 12-07 16:12 38.0 0 1 341.675
2023 12-07 16:12 38.0 0 1 341.675
2023 12-07 16:12 39.0 0 1 341.675
2023 12-07 16:12 38.0 0 1 341.675
2023 12-07 16:12 37.0 0 1 341.675
2023 12-07 16:12 38.0 0 1 341.675
2023 12-07 16:12 38.0 0 1 341.675
2023 12-07 16:12 38.0 0 1 341.675
2023 12-07 16:12 38.0 0 1 341.675
2023 12-07 16:12 38.0 0 1 341.675
2023 12-07 16:12 36.0 0 1 341.675
2023 12-07 16:12 36.0 0 1 341.675
2023 12-07 16:12 37.0 0 1 341.675
2023 12-07 16:12 37.0 0 1 341.675
2023 12-07 16:12 37.0 0 1 341.675
2023 12-07 16:12 37.0 0 1 341.675
2023 12-07 16:12 37.0 0 1 341.675
2023 12-07 16:12 36.0 0 1 341.675
2023 12-07 16:12 37.0 0 1 341.675
2023 12-07 16:12 36.0 0 1 341.675
2023 12-07 16:12 36.0 0 1 341.675
2023 12-07 16:12 36.0 0 1 341.675
2023 12-07 16:12 37.0 0 1 341.675
2023 12-07 16:13 37.0 0 1 341.67569444444445
2023 12-07 16:13 37.0 0 1 341.67569444444445
2023 12-07 16:13 37.0 0 1 341.67569444444445
2023 12-07 16:13 37.0 0 1 341.67569444444445
2023 12-07 16:13 37.0 0 1 341.67569444444445
2023 12-07 16:13 38.0 0 1 341.67569444444445
2023 12-07 16:13 37.0 0 1 341.67569444444445
2023 12-07 16:13 38.0 0 1 341.67569444444445
2023 12-07 16:13 36.0 0 1 341.67569444444445
2023 12-07 16:13 38.0 0 1 341.67569444444445
2023 12-07 16:13 101.0 0 1 341.67569444444445
2023 12-07 16:13 1871.0 0 0 341.67569444444445
2023 12-07 16:13 38.0 0 1 341.67569444444445
2023 12-07 16:13 37.0 0 1 341.67569444444445
2023 12-07 16:13 38.0 0 1 341.67569444444445
2023 12-07 16:13 36.0 0 1 341.67569444444445
2023 12-07 16:13 37.0 0 1 341.67569444444445
2023 12-07 16:13 37.0 0 1 341.67569444444445
2023 12-07 16:13 37.0 0 1 341.67569444444445
2023 12-07 16:13 827.0 0 1 341.67569444444445
2023 12-07 16:13 2610.0 0 0 341.67569444444445
2023 12-07 16:13 2498.0 0 0 341.67569444444445
2023 12-07 16:13 2356.0 0 0 341.67569444444445
2023 12-07 16:13 2270.0 0 0 341.67569444444445
2023 12-07 16:13 2014.0 0 0 341.67569444444445
2023 12-07 16:13 2173.0 0 0 341.67569444444445
2023 12-07 16:13 2196.0 0 0 341.67569444444445
2023 12-07 16:13 2110.0 0 0 341.67569444444445
2023 12-07 16:13 2069.0 0 0 341.67569444444445
2023 12-07 16:13 2342.0 0 0 341.67569444444445
2023 12-07 16:13 2534.0 0 0 341.67569444444445
2023 12-07 16:14 38.0 0 1 341.6763888888889
2023 12-07 16:14 37.0 0 1 341.6763888888889
2023 12-07 16:14 37.0 0 1 341.6763888888889
2023 12-07 16:14 37.0 0 1 341.6763888888889
2023 12-07 16:14 36.0 0 1 341.6763888888889
2023 12-07 16:14 38.0 0 1 341.6763888888889
2023 12-07 16:14 37.0 0 1 341.6763888888889
2023 12-07 16:14 38.0 0 1 341.6763888888889
2023 12-07 16:14 37.0 0 1 341.6763888888889
2023 12-07 16:14 37.0 0 1 341.6763888888889
2023 12-07 16:14 37.0 0 1 341.6763888888889
2023 12-07 16:14 37.0 0 1 341.6763888888889
2023 12-07 16:14 37.0 0 1 341.6763888888889
2023 12-07 16:14 37.0 0 1 341.6763888888889
2023 12-07 16:14 37.0 0 1 341.6763888888889
2023 12-07 16:14 37.0 0 1 341.6763888888889
2023 12-07 16:14 37.0 0 1 341.6763888888889
2023 12-07 16:14 37.0 0 1 341.6763888888889
2023 12-07 16:14 37.0 0 1 341.6763888888889
2023 12-07 16:14 37.0 0 1 341.6763888888889
2023 12-07 16:14 37.0 0 1 341.6763888888889
2023 12-07 16:14 38.0 0 1 341.6763888888889
2023 12-07 16:14 37.0 0 1 341.6763888888889
2023 12-07 16:14 38.0 0 1 341.6763888888889
2023 12-07 16:14 38.0 0 1 341.6763888888889
2023 12-07 16:14 38.0 0 1 341.6763888888889
2023 12-07 16:14 38.0 0 1 341.6763888888889
2023 12-07 16:14 38.0 0 1 341.6763888888889
2023 12-07 16:14 38.0 0 1 341.6763888888889
2023 12-07 16:14 38.0 0 1 341.6763888888889
2023 12-07 16:14 38.0 0 1 341.6763888888889
2023 12-07 16:15 38.0 0 1 341.67708333333337
2023 12-07 16:15 38.0 0 1 341.67708333333337
2023 12-07 16:15 38.0 0 1 341.67708333333337
2023 12-07 16:15 38.0 0 1 341.67708333333337
2023 12-07 16:15 38.0 0 1 341.67708333333337
2023 12-07 16:15 38.0 0 1 341.67708333333337
2023 12-07 16:15 38.0 0 1 341.67708333333337
2023 12-07 16:15 38.0 0 1 341.67708333333337
2023 12-07 16:15 38.0 0 1 341.67708333333337
2023 12-07 16:15 38.0 0 1 341.67708333333337
2023 12-07 16:15 38.0 0 1 341.67708333333337
2023 12-07 16:15 38.0 0 1 341.67708333333337
2023 12-07 16:15 38.0 0 1 341.67708333333337
2023 12-07 16:15 38.0 0 1 341.67708333333337
2023 12-07 16:15 38.0 0 1 341.67708333333337
2023 12-07 16:15 37.0 0 1 341.67708333333337
2023 12-07 16:15 32.0 0 1 341.67708333333337
2023 12-07 16:15 34.0 0 1 341.67708333333337
2023 12-07 16:15 36.0 0 1 341.67708333333337
2023 12-07 16:15 38.0 0 1 341.67708333333337
2023 12-07 16:15 37.0 0 1 341.67708333333337
