2023 12-07 16:09 21.297271728515625 0 0 341.6729166666667
2023 12-07 16:09 21.297271728515625 0 0 341.6729166666667
2023 12-07 16:09 21.297271728515625 0 0 341.6729166666667
2023 12-07 16:09 21.286544799804688 0 0 341.6729166666667
2023 12-07 16:09 21.297271728515625 0 0 341.6729166666667
2023 12-07 16:09 21.286544799804688 0 0 341.6729166666667
2023 12-07 16:09 21.297271728515625 0 0 341.6729166666667
2023 12-07 16:09 21.297271728515625 0 0 341.6729166666667
2023 12-07 16:09 21.297271728515625 0 0 341.6729166666667
2023 12-07 16:09 21.307998657226562 0 0 341.6729166666667
2023 12-07 16:09 21.3187255859375 0 0 341.6729166666667
2023 12-07 16:09 21.297271728515625 0 0 341.6729166666667
2023 12-07 16:10 21.24364471435547 0 0 341.67361111111114
2023 12-07 16:10 21.254371643066406 0 0 341.67361111111114
2023 12-07 16:10 21.254371643066406 0 0 341.67361111111114
2023 12-07 16:10 21.254371643066406 0 0 341.67361111111114
2023 12-07 16:10 21.265098571777344 0 0 341.67361111111114
2023 12-07 16:10 21.265098571777344 0 0 341.67361111111114
2023 12-07 16:10 21.27582550048828 0 0 341.67361111111114
2023 12-07 16:10 21.254371643066406 0 0 341.67361111111114
2023 12-07 16:10 21.265098571777344 0 0 341.67361111111114
2023 12-07 16:10 21.27582550048828 0 0 341.67361111111114
2023 12-07 16:10 21.265098571777344 0 0 341.67361111111114
2023 12-07 16:10 21.286544799804688 0 0 341.67361111111114
2023 12-07 16:10 21.27582550048828 0 0 341.67361111111114
2023 12-07 16:10 21.286544799804688 0 0 341.67361111111114
2023 12-07 16:10 21.27582550048828 0 0 341.67361111111114
2023 12-07 16:10 21.27582550048828 0 0 341.67361111111114
2023 12-07 16:10 21.27582550048828 0 0 341.67361111111114
2023 12-07 16:10 21.286544799804688 0 0 341.67361111111114
2023 12-07 16:10 21.27582550048828 0 0 341.67361111111114
2023 12-07 16:10 21.27582550048828 0 0 341.67361111111114
2023 12-07 16:11 21.265098571777344 0 0 341.6743055555556
2023 12-07 16:11 21.254371643066406 0 0 341.6743055555556
2023 12-07 16:11 21.24364471435547 0 0 341.6743055555556
2023 12-07 16:11 21.24364471435547 0 0 341.6743055555556
2023 12-07 16:11 21.24364471435547 0 0 341.6743055555556
2023 12-07 16:11 21.24364471435547 0 0 341.6743055555556
2023 12-07 16:11 21.254371643066406 0 0 341.6743055555556
2023 12-07 16:11 21.265098571777344 0 0 341.6743055555556
2023 12-07 16:11 21.265098571777344 0 0 341.6743055555556
2023 12-07 16:11 21.254371643066406 0 0 341.6743055555556
2023 12-07 16:11 21.254371643066406 0 0 341.6743055555556
2023 12-07 16:11 21.265098571777344 0 0 341.6743055555556
2023 12-07 16:11 21.24364471435547 0 0 341.6743055555556
2023 12-07 16:11 21.24364471435547 0 0 341.6743055555556
2023 12-07 16:11 21.24364471435547 0 0 341.6743055555556
2023 12-07 16:11 21.232925415039062 0 0 341.6743055555556
2023 12-07 16:11 21.232925415039062 0 0 341.6743055555556
2023 12-07 16:11 21.232925415039062 0 0 341.6743055555556
2023 12-07 16:11 21.232925415039062 0 0 341.6743055555556
2023 12-07 16:11 21.222198486328125 0 0 341.6743055555556
2023 12-07 16:11 21.211471557617188 0 0 341.6743055555556
2023 12-07 16:11 21.211471557617188 0 0 341.6743055555556
2023 12-07 16:11 21.211471557617188 0 0 341.6743055555556
2023 12-07 16:11 21.232925415039062 0 0 341.6743055555556
2023 12-07 16:11 21.232925415039062 0 0 341.6743055555556
2023 12-07 16:11 21.222198486328125 0 0 341.6743055555556
2023 12-07 16:11 21.222198486328125 0 0 341.6743055555556
2023 12-07 16:11 21.222198486328125 0 0 341.6743055555556
2023 12-07 16:11 21.222198486328125 0 0 341.6743055555556
2023 12-07 16:11 21.222198486328125 0 0 341.6743055555556
2023 12-07 16:11 21.222198486328125 0 0 341.6743055555556
2023 12-07 16:11 21.222198486328125 0 0 341.6743055555556
2023 12-07 16:12 21.222198486328125 0 0 341.675
2023 12-07 16:12 21.211471557617188 0 0 341.675
2023 12-07 16:12 21.211471557617188 0 0 341.675
2023 12-07 16:12 21.211471557617188 0 0 341.675
2023 12-07 16:12 21.211471557617188 0 0 341.675
2023 12-07 16:12 21.20074462890625 0 0 341.675
2023 12-07 16:12 21.20074462890625 0 0 341.675
2023 12-07 16:12 21.211471557617188 0 0 341.675
2023 12-07 16:12 21.20074462890625 0 0 341.675
2023 12-07 16:12 21.20074462890625 0 0 341.675
2023 12-07 16:12 21.190025329589844 0 0 341.675
2023 12-07 16:12 21.20074462890625 0 0 341.675
2023 12-07 16:12 21.20074462890625 0 0 341.675
2023 12-07 16:12 21.20074462890625 0 0 341.675
2023 12-07 16:12 21.190025329589844 0 0 341.675
2023 12-07 16:12 21.179298400878906 0 0 341.675
2023 12-07 16:12 21.179298400878906 0 0 341.675
2023 12-07 16:12 21.179298400878906 0 0 341.675
2023 12-07 16:12 21.179298400878906 0 0 341.675
2023 12-07 16:12 21.20074462890625 0 0 341.675
2023 12-07 16:12 21.20074462890625 0 0 341.675
2023 12-07 16:12 21.211471557617188 0 0 341.675
2023 12-07 16:12 21.211471557617188 0 0 341.675
2023 12-07 16:12 21.211471557617188 0 0 341.675
2023 12-07 16:12 21.20074462890625 0 0 341.675
2023 12-07 16:12 21.211471557617188 0 0 341.675
2023 12-07 16:12 21.211471557617188 0 0 341.675
2023 12-07 16:12 21.211471557617188 0 0 341.675
2023 12-07 16:12 21.222198486328125 0 0 341.675
2023 12-07 16:12 21.211471557617188 0 0 341.675
2023 12-07 16:12 21.211471557617188 0 0 341.675
2023 12-07 16:13 21.211471557617188 0 0 341.67569444444445
2023 12-07 16:13 21.211471557617188 0 0 341.67569444444445
2023 12-07 16:13 21.20074462890625 0 0 341.67569444444445
2023 12-07 16:13 21.190025329589844 0 0 341.67569444444445
2023 12-07 16:13 21.20074462890625 0 0 341.67569444444445
2023 12-07 16:13 21.190025329589844 0 0 341.67569444444445
2023 12-07 16:13 21.20074462890625 0 0 341.67569444444445
2023 12-07 16:13 21.20074462890625 0 0 341.67569444444445
2023 12-07 16:13 21.20074462890625 0 0 341.67569444444445
2023 12-07 16:13 21.179298400878906 0 0 341.67569444444445
2023 12-07 16:13 21.179298400878906 0 0 341.67569444444445
2023 12-07 16:13 21.179298400878906 0 0 341.67569444444445
2023 12-07 16:13 21.16857147216797 0 0 341.67569444444445
2023 12-07 16:13 21.16857147216797 0 0 341.67569444444445
2023 12-07 16:13 21.15784454345703 0 0 341.67569444444445
2023 12-07 16:13 21.179298400878906 0 0 341.67569444444445
2023 12-07 16:13 21.16857147216797 0 0 341.67569444444445
2023 12-07 16:13 21.16857147216797 0 0 341.67569444444445
2023 12-07 16:13 21.15784454345703 0 0 341.67569444444445
2023 12-07 16:13 21.16857147216797 0 0 341.67569444444445
2023 12-07 16:13 21.15784454345703 0 0 341.67569444444445
2023 12-07 16:13 21.16857147216797 0 0 341.67569444444445
2023 12-07 16:13 21.15784454345703 0 0 341.67569444444445
2023 12-07 16:13 21.15784454345703 0 0 341.67569444444445
2023 12-07 16:13 21.15784454345703 0 0 341.67569444444445
2023 12-07 16:13 21.15784454345703 0 0 341.67569444444445
2023 12-07 16:13 21.16857147216797 0 0 341.67569444444445
2023 12-07 16:13 21.147117614746094 0 0 341.67569444444445
2023 12-07 16:13 21.147117614746094 0 0 341.67569444444445
2023 12-07 16:13 21.147117614746094 0 0 341.67569444444445
2023 12-07 16:13 21.136398315429688 0 0 341.67569444444445
2023 12-07 16:14 21.12567138671875 0 0 341.6763888888889
2023 12-07 16:14 21.12567138671875 0 0 341.6763888888889
2023 12-07 16:14 21.136398315429688 0 0 341.6763888888889
2023 12-07 16:14 21.136398315429688 0 0 341.6763888888889
2023 12-07 16:14 21.147117614746094 0 0 341.6763888888889
2023 12-07 16:14 21.136398315429688 0 0 341.6763888888889
2023 12-07 16:14 21.136398315429688 0 0 341.6763888888889
2023 12-07 16:14 21.12567138671875 0 0 341.6763888888889
2023 12-07 16:14 21.136398315429688 0 0 341.6763888888889
2023 12-07 16:14 21.136398315429688 0 0 341.6763888888889
2023 12-07 16:14 21.12567138671875 0 0 341.6763888888889
2023 12-07 16:14 21.136398315429688 0 0 341.6763888888889
2023 12-07 16:14 21.12567138671875 0 0 341.6763888888889
2023 12-07 16:14 21.12567138671875 0 0 341.6763888888889
2023 12-07 16:14 21.12567138671875 0 0 341.6763888888889
2023 12-07 16:14 21.136398315429688 0 0 341.6763888888889
2023 12-07 16:14 21.12567138671875 0 0 341.6763888888889
2023 12-07 16:14 21.136398315429688 0 0 341.6763888888889
2023 12-07 16:14 21.136398315429688 0 0 341.6763888888889
2023 12-07 16:14 21.12567138671875 0 0 341.6763888888889
2023 12-07 16:14 21.12567138671875 0 0 341.6763888888889
2023 12-07 16:14 21.12567138671875 0 0 341.6763888888889
2023 12-07 16:14 21.12567138671875 0 0 341.6763888888889
2023 12-07 16:14 21.12567138671875 0 0 341.6763888888889
2023 12-07 16:14 21.12567138671875 0 0 341.6763888888889
2023 12-07 16:14 21.136398315429688 0 0 341.6763888888889
2023 12-07 16:14 21.136398315429688 0 0 341.6763888888889
2023 12-07 16:14 21.12567138671875 0 0 341.6763888888889
2023 12-07 16:14 21.114944458007812 0 0 341.6763888888889
2023 12-07 16:14 21.12567138671875 0 0 341.6763888888889
2023 12-07 16:14 21.12567138671875 0 0 341.6763888888889
2023 12-07 16:15 21.136398315429688 0 0 341.67708333333337
2023 12-07 16:15 21.136398315429688 0 0 341.67708333333337
2023 12-07 16:15 21.147117614746094 0 0 341.67708333333337
2023 12-07 16:15 21.147117614746094 0 0 341.67708333333337
2023 12-07 16:15 21.147117614746094 0 0 341.67708333333337
2023 12-07 16:15 21.136398315429688 0 0 341.67708333333337
2023 12-07 16:15 21.147117614746094 0 0 341.67708333333337
2023 12-07 16:15 21.15784454345703 0 0 341.67708333333337
2023 12-07 16:15 21.15784454345703 0 0 341.67708333333337
2023 12-07 16:15 21.15784454345703 0 0 341.67708333333337
2023 12-07 16:15 21.16857147216797 0 0 341.67708333333337
2023 12-07 16:15 21.16857147216797 0 0 341.67708333333337
2023 12-07 16:15 21.179298400878906 0 0 341.67708333333337
2023 12-07 16:15 21.179298400878906 0 0 341.67708333333337
2023 12-07 16:15 21.179298400878906 0 0 341.67708333333337
2023 12-07 16:15 21.179298400878906 0 0 341.67708333333337
2023 12-07 16:15 21.16857147216797 0 0 341.67708333333337
2023 12-07 16:15 21.190025329589844 0 0 341.67708333333337
2023 12-07 16:15 21.190025329589844 0 0 341.67708333333337
2023 12-07 16:15 21.190025329589844 0 0 341.67708333333337
2023 12-07 16:15 21.20074462890625 0 0 341.67708333333337
